cell	x	y	z	vx_w	vy_w	vz_w	vx_napl	vy_napl	vz_napl
0	0.5	0.5	0.005	0	0	-5.51733e-09	0	0	-6.72587e-08
1	0.5	0.5	0.015	0	0	-5.51733e-09	0	0	-6.72587e-08
2	0.5	0.5	0.025	0	0	-5.51733e-09	0	0	-6.72587e-08
3	0.5	0.5	0.035	0	0	-5.51733e-09	0	0	-6.72587e-08
4	0.5	0.5	0.045	0	0	-5.51733e-09	0	0	-6.72587e-08
5	0.5	0.5	0.055	0	0	-5.51733e-09	0	0	-6.72587e-08
6	0.5	0.5	0.065	0	0	-5.51733e-09	0	0	-6.72587e-08
7	0.5	0.5	0.075	0	0	-5.51733e-09	0	0	-6.72587e-08
8	0.5	0.5	0.085	0	0	-5.51733e-09	0	0	-6.72587e-08
9	0.5	0.5	0.095	0	0	-5.51733e-09	0	0	-6.72587e-08
10	0.5	0.5	0.105	0	0	-5.51733e-09	0	0	-6.72587e-08
11	0.5	0.5	0.115	0	0	-5.51733e-09	0	0	-6.72587e-08
12	0.5	0.5	0.125	0	0	-5.51733e-09	0	0	-6.72587e-08
13	0.5	0.5	0.135	0	0	-5.51733e-09	0	0	-6.72587e-08
14	0.5	0.5	0.145	0	0	-5.51733e-09	0	0	-6.72587e-08
15	0.5	0.5	0.155	0	0	-5.51733e-09	0	0	-6.72587e-08
16	0.5	0.5	0.165	0	0	-5.51733e-09	0	0	-6.72587e-08
17	0.5	0.5	0.175	0	0	-5.51733e-09	0	0	-6.72587e-08
18	0.5	0.5	0.185	0	0	-5.51733e-09	0	0	-6.72587e-08
19	0.5	0.5	0.195	0	0	-5.51733e-09	0	0	-6.72587e-08
20	0.5	0.5	0.205	0	0	-5.51733e-09	0	0	-6.72587e-08
21	0.5	0.5	0.215	0	0	-5.51733e-09	0	0	-6.72587e-08
22	0.5	0.5	0.225	0	0	-5.51733e-09	0	0	-6.72587e-08
23	0.5	0.5	0.235	0	0	-5.51733e-09	0	0	-6.72587e-08
24	0.5	0.5	0.245	0	0	-5.51733e-09	0	0	-6.72587e-08
25	0.5	0.5	0.255	0	0	-5.51733e-09	0	0	-6.72587e-08
26	0.5	0.5	0.265	0	0	-5.51733e-09	0	0	-6.72587e-08
27	0.5	0.5	0.275	0	0	-5.51733e-09	0	0	-6.72587e-08
28	0.5	0.5	0.285	0	0	-5.51733e-09	0	0	-6.72587e-08
29	0.5	0.5	0.295	0	0	-5.51733e-09	0	0	-6.72587e-08
30	0.5	0.5	0.305	0	0	-5.51733e-09	0	0	-6.72587e-08
31	0.5	0.5	0.315	0	0	-5.51733e-09	0	0	-6.72587e-08
32	0.5	0.5	0.325	0	0	-5.51733e-09	0	0	-6.72587e-08
33	0.5	0.5	0.335	0	0	-5.51733e-09	0	0	-6.72587e-08
34	0.5	0.5	0.345	0	0	-5.51733e-09	0	0	-6.72587e-08
35	0.5	0.5	0.355	0	0	-5.51733e-09	0	0	-6.72587e-08
36	0.5	0.5	0.365	0	0	-5.51733e-09	0	0	-6.72587e-08
37	0.5	0.5	0.375	0	0	-5.51733e-09	0	0	-6.72587e-08
38	0.5	0.5	0.385	0	0	-5.51733e-09	0	0	-6.72587e-08
39	0.5	0.5	0.395	0	0	-5.51733e-09	0	0	-6.72587e-08
40	0.5	0.5	0.405	0	0	-5.51733e-09	0	0	-6.72587e-08
41	0.5	0.5	0.415	0	0	-5.51733e-09	0	0	-6.72587e-08
42	0.5	0.5	0.425	0	0	-5.51733e-09	0	0	-6.72587e-08
43	0.5	0.5	0.435	0	0	-5.51733e-09	0	0	-6.72587e-08
44	0.5	0.5	0.445	0	0	-5.51733e-09	0	0	-6.72587e-08
45	0.5	0.5	0.455	0	0	-5.51733e-09	0	0	-6.72587e-08
46	0.5	0.5	0.465	0	0	-5.51733e-09	0	0	-6.72587e-08
47	0.5	0.5	0.475	0	0	-5.51733e-09	0	0	-6.72587e-08
48	0.5	0.5	0.485	0	0	-5.51733e-09	0	0	-6.72587e-08
49	0.5	0.5	0.495	0	0	-5.51733e-09	0	0	-6.72587e-08
50	0.5	0.5	0.505	0	0	-5.51733e-09	0	0	-6.72587e-08
51	0.5	0.5	0.515	0	0	-5.51733e-09	0	0	-6.72587e-08
52	0.5	0.5	0.525	0	0	-5.51733e-09	0	0	-6.72587e-08
53	0.5	0.5	0.535	0	0	-5.51733e-09	0	0	-6.72587e-08
54	0.5	0.5	0.545	0	0	-5.51733e-09	0	0	-6.72587e-08
55	0.5	0.5	0.555	0	0	-5.51733e-09	0	0	-6.72587e-08
56	0.5	0.5	0.565	0	0	-5.51733e-09	0	0	-6.72587e-08
57	0.5	0.5	0.575	0	0	-5.51733e-09	0	0	-6.72587e-08
58	0.5	0.5	0.585	0	0	-5.51733e-09	0	0	-6.72587e-08
59	0.5	0.5	0.595	0	0	-5.51733e-09	0	0	-6.72587e-08
60	0.5	0.5	0.605	0	0	-5.51733e-09	0	0	-6.72587e-08
61	0.5	0.5	0.615	0	0	-5.51733e-09	0	0	-6.72587e-08
62	0.5	0.5	0.625	0	0	-5.51733e-09	0	0	-6.72587e-08
63	0.5	0.5	0.635	0	0	-5.51733e-09	0	0	-6.72587e-08
64	0.5	0.5	0.645	0	0	-5.51733e-09	0	0	-6.72587e-08
65	0.5	0.5	0.655	0	0	-5.51733e-09	0	0	-6.72587e-08
66	0.5	0.5	0.665	0	0	-5.51733e-09	0	0	-6.72587e-08
67	0.5	0.5	0.675	0	0	-5.51733e-09	0	0	-6.72587e-08
68	0.5	0.5	0.685	0	0	-5.51733e-09	0	0	-6.72587e-08
69	0.5	0.5	0.695	0	0	-5.51733e-09	0	0	-6.72587e-08
70	0.5	0.5	0.705	0	0	-5.51733e-09	0	0	-6.72587e-08
71	0.5	0.5	0.715	0	0	-5.51733e-09	0	0	-6.72587e-08
72	0.5	0.5	0.725	0	0	-5.51733e-09	0	0	-6.72587e-08
73	0.5	0.5	0.735	0	0	-5.51733e-09	0	0	-6.72587e-08
74	0.5	0.5	0.745	0	0	-5.51733e-09	0	0	-6.72587e-08
75	0.5	0.5	0.755	0	0	-5.51733e-09	0	0	-6.72587e-08
76	0.5	0.5	0.765	0	0	-5.51733e-09	0	0	-6.72587e-08
77	0.5	0.5	0.775	0	0	-5.51733e-09	0	0	-6.72587e-08
78	0.5	0.5	0.785	0	0	-5.51733e-09	0	0	-6.72587e-08
79	0.5	0.5	0.795	0	0	-5.51733e-09	0	0	-6.72587e-08
80	0.5	0.5	0.805	0	0	-5.51733e-09	0	0	-6.72587e-08
81	0.5	0.5	0.815	0	0	-5.51733e-09	0	0	-6.72587e-08
82	0.5	0.5	0.825	0	0	-5.51733e-09	0	0	-6.72587e-08
83	0.5	0.5	0.835	0	0	-5.51733e-09	0	0	-6.72587e-08
84	0.5	0.5	0.845	0	0	-5.51733e-09	0	0	-6.72587e-08
85	0.5	0.5	0.855	0	0	-5.51733e-09	0	0	-6.72587e-08
86	0.5	0.5	0.865	0	0	-5.51733e-09	0	0	-6.72587e-08
87	0.5	0.5	0.875	0	0	-5.51733e-09	0	0	-6.72587e-08
88	0.5	0.5	0.885	0	0	-5.51733e-09	0	0	-6.72587e-08
89	0.5	0.5	0.895	0	0	-5.51733e-09	0	0	-6.72587e-08
90	0.5	0.5	0.905	0	0	-5.51733e-09	0	0	-6.72587e-08
91	0.5	0.5	0.915	0	0	-5.51733e-09	0	0	-6.72587e-08
92	0.5	0.5	0.925	0	0	-5.51733e-09	0	0	-6.72587e-08
93	0.5	0.5	0.935	0	0	-5.51733e-09	0	0	-6.72587e-08
94	0.5	0.5	0.945	0	0	-5.51733e-09	0	0	-6.72587e-08
95	0.5	0.5	0.955	0	0	-5.51733e-09	0	0	-6.72587e-08
96	0.5	0.5	0.965	0	0	-5.51733e-09	0	0	-6.72587e-08
97	0.5	0.5	0.975	0	0	-5.51733e-09	0	0	-6.72587e-08
98	0.5	0.5	0.985	0	0	-5.51733e-09	0	0	-6.72587e-08
99	0.5	0.5	0.995	0	0	-5.51733e-09	0	0	-6.72587e-08
